2.213428497314453125e+00
1.170325040817260742e+00
1.162885546684265137e+00
1.153417229652404785e+00
1.146538019180297852e+00
1.141536593437194824e+00
1.135713934898376465e+00
1.129078388214111328e+00
1.121005892753601074e+00
1.112556576728820801e+00
1.103852033615112305e+00
1.094969272613525391e+00
1.085609316825866699e+00
1.076598167419433594e+00
1.067483425140380859e+00
1.058086633682250977e+00
1.048328280448913574e+00
1.038121223449707031e+00
1.028607130050659180e+00
1.019237279891967773e+00
1.010331630706787109e+00
1.001993179321289062e+00
9.936531186103820801e-01
9.854009747505187988e-01
9.770113825798034668e-01
9.685102701187133789e-01
9.603916406631469727e-01
9.521908760070800781e-01
9.436429738998413086e-01
9.345662593841552734e-01
9.253242611885070801e-01
9.157498478889465332e-01
9.056518077850341797e-01
8.950522541999816895e-01
8.841659426689147949e-01
8.728678226470947266e-01
8.616336584091186523e-01
8.501535654067993164e-01
8.382600545883178711e-01
8.259738683700561523e-01
8.132067322731018066e-01
8.000917434692382812e-01
7.867097854614257812e-01
7.730845212936401367e-01
7.591697573661804199e-01
7.451392412185668945e-01
7.310034036636352539e-01
7.167602777481079102e-01
7.025889754295349121e-01
6.885843873023986816e-01
6.748158931732177734e-01
6.610576510429382324e-01
6.470568776130676270e-01
6.329827904701232910e-01
6.189855337142944336e-01
6.054287552833557129e-01
5.921959877014160156e-01
5.793995261192321777e-01
5.671635866165161133e-01
5.553290843963623047e-01
5.439553260803222656e-01
5.329518318176269531e-01
5.223341584205627441e-01
5.120775103569030762e-01
5.022518038749694824e-01
4.929002523422241211e-01
4.838705956935882568e-01
4.751130342483520508e-01
4.667169749736785889e-01
4.587596058845520020e-01
4.512276053428649902e-01
4.439131617546081543e-01
4.368054568767547607e-01
4.300776720046997070e-01
4.235969483852386475e-01
4.171582460403442383e-01
4.109147787094116211e-01
4.049162566661834717e-01
3.990686833858489990e-01
3.932993113994598389e-01
3.877103030681610107e-01
3.823611736297607422e-01
3.771274983882904053e-01
3.720667958259582520e-01
3.672817051410675049e-01
3.628665506839752197e-01
3.586910665035247803e-01
3.547404706478118896e-01
3.509676158428192139e-01
3.472979068756103516e-01
3.437067866325378418e-01
3.402292728424072266e-01
3.368388414382934570e-01
3.336231708526611328e-01
3.305460214614868164e-01
3.275730013847351074e-01
3.246726393699645996e-01
3.218966424465179443e-01
3.192046880722045898e-01
3.165834248065948486e-01
