1.000000000000000000e+00
6.031264606805498696e-01
9.622521295982709999e-01
9.106110124402773121e-01
6.522797214559823420e-01
2.859273076902293931e-01
4.462768511961993229e-02
4.162728991319349092e-02
1.830284025487827551e-02
3.601808145123078925e-02
1.193640002469721767e-01
2.211815329710511979e-01
2.758598976498029542e-01
2.695805685696273102e-01
2.050178110191048231e-01
1.035846255161523843e-01
2.034304569103069504e-02
0.000000000000000000e+00
9.243550491598454336e-04
4.400323396041880102e-03
4.628772592915709333e-02
1.119966294793081213e-01
1.515312618750839224e-01
1.341389853673315147e-01
7.508527987483475108e-02
2.345354511663425706e-02
1.010539257669187778e-02
9.628236826316933367e-03
1.497721957308895471e-02
4.897239126352725958e-02
8.832072830410483966e-02
8.991056924451705512e-02
5.239364667602698644e-02
1.682694707586217947e-02
7.236127648676893634e-03
8.874916333775906274e-03
2.460364768633273302e-02
5.711896957047996742e-02
6.643848509426751592e-02
4.274788822157583879e-02
2.022005470730714807e-02
1.364783044442102397e-02
1.616643511052772222e-02
3.115812416454788805e-02
4.977160742461803067e-02
4.552016205430594459e-02
2.721494786863434129e-02
1.514034110541459012e-02
1.408462975258809556e-02
2.265726820895459098e-02
3.660511545567463054e-02
4.025223136008070079e-02
2.758889510289610700e-02
1.771784133458347357e-02
1.763972841690909441e-02
2.614770610684542460e-02
3.616413355714236111e-02
3.451517097872850576e-02
2.380997071832131884e-02
1.839474460143149942e-02
2.100728824657611959e-02
2.874747586009575653e-02
3.129490656525534681e-02
2.642149697133076847e-02
2.085852326375628105e-02
2.101045345465949246e-02
2.483538646355791524e-02
2.812460728677292077e-02
2.509900343247353782e-02
2.098174045553018868e-02
2.001544634952363844e-02
2.362491883447206953e-02
2.477931698645765082e-02
2.190699984243490994e-02
2.187839988765789140e-02
2.180209566072914551e-02
2.236674692994007965e-02
2.165525241555710245e-02
2.155012214838811571e-02
2.284797224484201236e-02
2.164948720523686421e-02
2.205610394493981788e-02
2.288086784209605526e-02
2.272181592259029520e-02
2.346654516595028314e-02
2.283248531150317354e-02
2.238573820090870858e-02
1.990409869304311449e-02
2.331224106481614641e-02
2.258175527541253502e-02
2.212517339605032593e-02
2.299368504954091633e-02
2.453559562655789617e-02
2.277438105467160384e-02
2.297311117246385315e-02
2.286119830913771814e-02
2.084009719572696775e-02
2.173020011930824197e-02
2.674706165702818439e-02
2.210301691492810514e-02
