7.245745258204958628e-01
1.000000000000000000e+00
7.820468089002741152e-01
6.774334042445843140e-01
4.648707673818212038e-01
2.186080234447598247e-01
2.265167323946068179e-01
3.361721859360805587e-01
2.557794360219722285e-01
1.602758891691584420e-01
1.454662136675496653e-01
1.818534558356560416e-01
2.053724282213787167e-01
1.961977011727452092e-01
1.560300235157689730e-01
1.077580948409729150e-01
9.633323251460158831e-02
1.282406259268226989e-01
1.319678045657804721e-01
9.172711563837344928e-02
6.724645001050454096e-02
7.731226159551116139e-02
8.956360616412666065e-02
7.894907550646730610e-02
5.478674969574188341e-02
4.844798327387875303e-02
6.404356437017968973e-02
6.380037143649608389e-02
4.359747218163816107e-02
3.868956648924171821e-02
4.902273013032311388e-02
4.871066367645249251e-02
3.575069600963375060e-02
3.338683933809877269e-02
4.238738044905001473e-02
3.840446214986290713e-02
2.926430533713721485e-02
3.436348187144837307e-02
3.659960218868301557e-02
2.904914232445994851e-02
2.854313551238829225e-02
3.271211909673179402e-02
2.908744988316861943e-02
2.580047447982472889e-02
2.879820779354601637e-02
2.685987201805020014e-02
2.356141769467514149e-02
2.485413095632484429e-02
2.474588207091463210e-02
2.184078097232859672e-02
2.226750315069659855e-02
2.261467374373231018e-02
2.019382289948443501e-02
2.086053459199246549e-02
2.043781668805394122e-02
1.874147256391289068e-02
1.926990331278962548e-02
1.846504415246461722e-02
1.720730155416568680e-02
1.755874337325950829e-02
1.654833145888798263e-02
1.594528772980864650e-02
1.562361101730727446e-02
1.469995838224109549e-02
1.442206173683534785e-02
1.396504054861763024e-02
1.319995718095876708e-02
1.295596339238926260e-02
1.215190508695014951e-02
1.194742013941815784e-02
1.155086349508555391e-02
1.104005155369852144e-02
1.050187707037672502e-02
9.878278065892738199e-03
9.537380836129873488e-03
9.018426870069569737e-03
8.574085884211867306e-03
8.110791332721302774e-03
7.835297251973238897e-03
7.413246727106295383e-03
6.934869408598031033e-03
6.552327724768599454e-03
6.185936614471394292e-03
5.797121567369114062e-03
5.434067352429807450e-03
4.951151856234801800e-03
4.707425019293928758e-03
4.415379937570691748e-03
4.047253641687380103e-03
3.522159788168543852e-03
3.212629374769921092e-03
2.823947803481957012e-03
2.572746320939392137e-03
2.058864435823093419e-03
1.764817216885117626e-03
1.562467882382180236e-03
1.305393464009714944e-03
6.510950222330663803e-04
7.182333568339749992e-04
0.000000000000000000e+00
