2.265125994040189383e-01
1.000000000000000000e+00
3.475408059668995131e-01
2.350587752766602756e-01
1.439355510039774244e-01
9.844634778051492008e-02
3.266184784507530914e-01
4.957027082452484801e-01
3.946067006093995078e-01
2.338148610432453367e-01
1.366754181867896878e-01
1.006765422971854229e-01
8.738105063813518536e-02
7.908430574790052681e-02
7.597122885014140348e-02
9.359140612538895121e-02
1.508276642555680114e-01
2.174701946179417034e-01
2.222977930472253005e-01
1.581207102149734534e-01
8.344727188027717402e-02
3.985548598786264884e-02
2.302876861807843026e-02
2.250276596983637190e-02
3.874160398400927630e-02
7.537777957815479379e-02
1.110013443752705803e-01
1.110598791328146623e-01
7.561100716746965711e-02
3.770863767440800485e-02
1.813807822694371227e-02
1.624015453986161345e-02
3.018398446499687485e-02
5.845991812222928186e-02
8.070980988862698491e-02
7.319781558006881184e-02
4.523734173209208870e-02
2.384582471473166779e-02
1.889001693760933992e-02
2.865610576764840781e-02
4.807009992936333437e-02
6.028411637074376078e-02
5.252755209770645917e-02
3.410925644148169594e-02
2.198314340762420188e-02
2.285043002286197417e-02
3.424404841776398228e-02
4.702295565080675394e-02
4.780456682507171207e-02
3.571622795135943884e-02
2.386850946506016702e-02
2.112790806599844709e-02
2.879899944047658103e-02
3.865380184769316718e-02
3.808242969879411383e-02
2.788624205337499051e-02
1.971487091718800155e-02
1.997078325683137451e-02
2.765250810802599712e-02
3.303719944604650155e-02
2.916327197142126390e-02
2.131424708655397030e-02
1.854397322389291641e-02
2.150818144762126766e-02
2.607024677261322865e-02
2.524043050390020748e-02
2.065294610599550940e-02
1.733601026890037311e-02
1.882651989093090880e-02
2.220462353694753477e-02
2.246853630192997484e-02
1.845991812222928449e-02
1.660898427511335942e-02
1.823590621273536022e-02
1.774413323239969892e-02
1.702520893515857905e-02
1.584499429083571428e-02
1.577947182002081145e-02
1.545550522939194253e-02
1.365247266310360731e-02
1.400023798733603629e-02
1.305537762767134541e-02
1.176052397722410561e-02
1.131290524306355523e-02
1.009491643859546962e-02
9.930148185093384816e-03
9.960529547140481443e-03
1.174067482068666922e-02
8.128634686907405121e-03
7.986348641320171332e-03
7.925687188432803051e-03
6.557816997865709499e-03
4.795292914306836449e-03
5.593310024077229568e-03
4.968973034009402726e-03
4.762278500882325197e-03
6.182708447790894943e-03
4.392537324769164864e-03
0.000000000000000000e+00
3.070542990893186837e-03
