0.000000000000000000e+00
1.000000000000000000e+00
7.229169009751179598e-01
4.366401718018013689e-01
4.619363974961508412e-01
4.846298831229490789e-01
4.988545808021577210e-01
4.901340485153239390e-01
4.682041852080198741e-01
4.418517888580369424e-01
4.166132110505009201e-01
3.963167807037050183e-01
3.826184545844434903e-01
3.759542152387414515e-01
3.766776537820932802e-01
3.839982825434490876e-01
3.933057721648198779e-01
3.972638904364371171e-01
3.924519240473912096e-01
3.812740118515453580e-01
3.672767719726289792e-01
3.542058481096269085e-01
3.447630850777494427e-01
3.399727937718541870e-01
3.389706802513073880e-01
3.397427245157607079e-01
3.392517055387235247e-01
3.359890505901867441e-01
3.303510154447983904e-01
3.241738126060365599e-01
3.195481409452150534e-01
3.177874974439866551e-01
3.189645458600222083e-01
3.212405601636347807e-01
3.222393767212324289e-01
3.209021807781828883e-01
3.182118916548934417e-01
3.156806401899024395e-01
3.147047391569611219e-01
3.161660118937693609e-01
3.185773322510861982e-01
3.201799826763366830e-01
3.202076314646328248e-01
3.192510878478185266e-01
3.186221187180782732e-01
3.197094962705371302e-01
3.219133038212441122e-01
3.238526688288732025e-01
3.244216724047763178e-01
3.238138887102240404e-01
3.231544308340038030e-01
3.233244366066676534e-01
3.246914357890494096e-01
3.262211286678514122e-01
3.268281615688607977e-01
3.265855246817236379e-01
3.264930138599629883e-01
3.272380948432679904e-01
3.287609326505915863e-01
3.299024979109271838e-01
3.301615216832174404e-01
3.300207642155280063e-01
3.303566953611661861e-01
3.312088460323239780e-01
3.322263671420983555e-01
3.326169756435760627e-01
3.326788997892640709e-01
3.328650965878959256e-01
3.336831024744518759e-01
3.346863585069117519e-01
3.353288745636211488e-01
3.354333001524751334e-01
3.357111590497321996e-01
3.363993429397666435e-01
3.366804987999728049e-01
3.368714288622444708e-01
3.370020669387039369e-01
3.373210562648312760e-01
3.376528090811873883e-01
3.378130871809914559e-01
3.383072725481877097e-01
3.385118474670211208e-01
3.386319744338803228e-01
3.388092596395902989e-01
3.387856259645886103e-01
3.389230211829338812e-01
3.391186192224504015e-01
3.393820171832078181e-01
3.390430502202005925e-01
3.391358221875413470e-01
3.392852953889675671e-01
3.394153132446742216e-01
3.394205361562768197e-01
3.396292241179972304e-01
3.395251902475134309e-01
3.395103375926435962e-01
3.395765053540087397e-01
3.394374779757876603e-01
3.389045777763373124e-01
3.391613818111964829e-01
