1.000000000000000000e+00
6.030145838692625437e-01
8.819689778287872484e-01
6.269632251298243864e-01
2.864184855277924768e-01
9.229816789965709922e-02
2.253803989857157686e-01
2.054869723276805116e-01
1.861818757473561736e-01
1.234887080314462093e-01
1.147742313009014886e-01
1.284870825759653057e-01
1.023004576717258390e-01
1.138994818330614778e-01
1.186279459613791831e-01
9.264078564623869083e-02
8.567456402457122866e-02
8.537457561477553025e-02
8.715844940027760168e-02
7.445230630931146121e-02
7.291787633534700663e-02
8.331355460258320356e-02
7.715751653017552392e-02
7.553093029764210153e-02
7.550073922888392297e-02
7.021447531710515999e-02
7.379500038162867259e-02
7.023154966685229983e-02
6.811444337337135835e-02
7.017716051302201608e-02
6.694128854803009510e-02
6.596895521375446825e-02
6.717501491178723416e-02
6.630919838189440474e-02
6.481615391791308023e-02
6.499368192521774723e-02
6.480925633291589882e-02
6.300627284471670142e-02
5.791257593703975221e-02
4.766525228482502985e-02
4.914868535987584192e-02
5.928349922402168654e-02
6.120419395782861899e-02
5.107085007081332145e-02
5.115554336856566880e-02
4.873098570447240846e-02
4.848821332760418906e-02
3.762440388187037604e-02
2.931224858444029038e-02
2.943572666340633220e-02
2.873918365385430898e-02
2.771528804484561098e-02
2.710977054222368093e-02
2.739664223300833715e-02
2.733626009549197655e-02
2.666448054683149410e-02
2.701546585554082461e-02
2.467695839116656673e-02
1.793315561686742096e-02
1.650015406491079847e-02
1.661040234970190613e-02
1.533333144874726890e-02
1.605678634730471274e-02
1.465216666148405449e-02
1.542209545239959546e-02
1.525135195492824045e-02
1.454078762505406353e-02
1.433634772874398979e-02
1.464685212878130346e-02
1.487390705786904160e-02
1.461835718748144899e-02
1.421863648313625300e-02
1.416481270512541524e-02
1.411358965588400786e-02
1.341489821821810480e-02
1.130808176465100678e-02
8.730872629308517388e-03
7.895134093009976289e-03
8.229610427791612948e-03
9.026111882220909030e-03
1.031550797603937239e-02
1.098604369789708476e-02
1.025953576991465652e-02
7.347624149462751719e-03
7.203679465832926211e-03
4.374651940511156169e-03
3.284268135136128326e-03
3.180917435342207715e-03
2.178393032308401003e-03
2.855713263999411916e-03
1.672947049727630149e-03
1.778106952143763790e-03
5.311140447834186836e-04
6.942815062742581280e-04
2.570198475181414825e-04
6.135458392580007232e-04
2.639174325153287423e-04
3.141228052817408791e-04
0.000000000000000000e+00
2.282987558905093261e-04
