1.000000000000000000e+00
8.715184186882300732e-02
1.015274034141958603e-01
1.063192572626534826e-01
1.078167115902965018e-01
1.087151841868822938e-01
1.093141659179395070e-01
1.090146750524109004e-01
1.087151841868822938e-01
1.087151841868822938e-01
1.078167115902965018e-01
1.075172207247678952e-01
1.072177298592392886e-01
1.066187481281820892e-01
1.060197663971248899e-01
1.054207846660676906e-01
1.045223120694818847e-01
1.036238394728960788e-01
1.030248577418388795e-01
1.024258760107816663e-01
1.015274034141958603e-01
1.009284216831386610e-01
9.973045822102426239e-02
9.913147648996704919e-02
9.823300389338125715e-02
9.703504043126684464e-02
9.673554956573825192e-02
9.583707696915244600e-02
9.523809523809523281e-02
9.404013177598083417e-02
9.284216831386642166e-02
9.224318658280922234e-02
9.134471398622341642e-02
9.014675052410901779e-02
8.954776879305181847e-02
8.834980533093740596e-02
8.745133273435160004e-02
8.655286013776579412e-02
8.565438754117998821e-02
8.445642407906558957e-02
8.385744234800839025e-02
8.235998802036538502e-02
8.146151542377957910e-02
7.996406109613657387e-02
7.936507936507936067e-02
7.816711590296496204e-02
7.696915244085054952e-02
7.577118897873615089e-02
7.487271638215034497e-02
7.367475292003593246e-02
7.247678945792153382e-02
7.127882599580712131e-02
7.038035339922132927e-02
6.918238993710691676e-02
6.798442647499251812e-02
6.708595387840671220e-02
6.558849955076370697e-02
6.439053608864929445e-02
6.289308176100628922e-02
6.169511829889188365e-02
6.049715483677747807e-02
5.899970050913447284e-02
5.780173704702006726e-02
5.660377358490566169e-02
5.540581012279125611e-02
5.420784666067685054e-02
5.271039233303384530e-02
5.121293800539083313e-02
4.971548367774782790e-02
4.821802935010482266e-02
4.702006588799041709e-02
4.552261156034741185e-02
4.402515723270439968e-02
4.252770290506139444e-02
4.132973944294698887e-02
3.983228511530398364e-02
3.833483078766097840e-02
3.713686732554657283e-02
3.563941299790356065e-02
3.384246780473195576e-02
3.234501347708895053e-02
3.054806828391734216e-02
2.905061395627433346e-02
2.785265049415992789e-02
2.605570530098831952e-02
2.425876010781671116e-02
2.276130578017370593e-02
2.096436058700209756e-02
1.946690625935908886e-02
1.766996106618748050e-02
1.587301587301587213e-02
1.467505241090146829e-02
1.287810721772985993e-02
1.078167115902965018e-02
9.284216831386643207e-03
7.786762503743636238e-03
5.690326445043426482e-03
3.893381251871818119e-03
1.796945193171608363e-03
0.000000000000000000e+00
