2.507426311393811114e-01
2.394342222383668839e-01
2.245783206063827753e-01
2.417797680793348225e-01
2.567086614339925132e-01
2.328748398755701721e-01
2.334472899563911075e-01
2.290964545391198370e-01
1.510161926116070086e-01
1.605054470253768906e-01
3.564551138212093684e-01
7.330065229123191584e-01
1.000000000000000000e+00
9.941049786308419067e-01
8.012468851301284278e-01
5.659653580024288644e-01
3.654570132015310113e-01
2.273897618317163305e-01
1.522272273222021466e-01
1.205484995427302947e-01
1.096807156885912654e-01
1.050515451115154320e-01
9.977297746357326191e-02
9.369295698293031438e-02
8.759642351918675574e-02
8.085353946988935170e-02
7.481095461384908163e-02
6.865039332319886056e-02
6.307069351095272169e-02
5.807491715302642854e-02
5.283889186523619413e-02
4.875401977928007363e-02
4.453759116316848704e-02
4.053932704017247646e-02
3.713770932032680466e-02
3.431119573799802647e-02
3.192631925529234443e-02
2.979133202122759977e-02
2.800251071698025077e-02
2.633138959825094549e-02
2.490398472275395791e-02
2.366978897848223684e-02
2.248782754848371521e-02
2.150600213114556292e-02
2.044300078906551368e-02
1.925802127319385312e-02
1.806743157716621945e-02
1.671568538987486252e-02
1.528755245602353256e-02
1.386325086471774763e-02
1.243895701871360407e-02
1.101978023532756458e-02
9.674855077015535876e-03
8.492310167626658524e-03
7.382432969126014217e-03
6.337050897397757121e-03
5.450260331206138210e-03
4.717785864044810040e-03
4.024674310711398237e-03
3.414152199669538874e-03
2.855239615235101447e-03
2.358298480121386216e-03
1.962236026243044211e-03
1.604461180147996732e-03
1.286594000763015581e-03
1.072704914153787452e-03
8.592095470446911142e-04
7.504771299443973014e-04
5.753158424284473844e-04
4.054239417962268591e-04
3.386581507591466850e-04
2.109045637098693772e-04
1.022199093030341327e-04
3.471702372636324046e-05
0.000000000000000000e+00
2.388521938011820686e-05
1.028653511065286423e-04
1.651220857043960767e-04
2.450716710196552853e-04
2.561242164626954137e-04
4.189962920401096359e-04
6.343130959186674958e-04
9.105531516290731563e-04
1.314504195229725591e-03
1.662793628580617545e-03
2.092468109817740510e-03
2.461926743439645481e-03
2.909619378063121615e-03
3.402012730229414094e-03
3.805837267236581237e-03
4.283082100274857550e-03
4.721222196206614936e-03
5.256973746964454554e-03
5.801189621533322203e-03
6.463193461705511386e-03
6.912510027906580007e-03
7.502314747939872741e-03
8.043569335514307722e-03
8.593045560781654296e-03
9.277869641358196806e-03
