9.440728529504689437e-01
9.029204752479542684e-01
9.044162396326993480e-01
9.055547878540921580e-01
9.064451451727230102e-01
9.072093421830705884e-01
1.000000000000000000e+00
9.997682177723449248e-01
1.941080157087947053e-02
1.633054108501888826e-02
1.026745605846786716e-02
6.036637719073206440e-03
5.991504680853084776e-03
4.359871895788092547e-03
2.773637397359523995e-03
2.177779274232261812e-03
0.000000000000000000e+00
4.324875427815600380e-03
7.923921008515612263e-03
1.563918945127778376e-02
2.213788583080543784e-02
2.268243674873002269e-02
2.171048493649959180e-02
1.433143722475299295e-02
1.124494136073686187e-02
9.684129902824691397e-03
8.146252231060540153e-03
9.225037943887971423e-03
1.408415224735128091e-02
1.414400453230377046e-02
1.040308777558560625e-02
1.493221264544402141e-02
1.463051093525159253e-02
8.501970761046797817e-03
6.801720251056728173e-03
1.160341847425266915e-02
1.110340072505287302e-02
1.372871120801592501e-02
1.902419180225611503e-02
1.254693565625545314e-02
9.215746087827643082e-03
8.664286468844588363e-03
6.552521404312770283e-03
8.142689740792350903e-03
6.523886817586676753e-03
5.986236439230826871e-03
6.487013206975734969e-03
6.451376062059250086e-03
8.032117877897919367e-03
6.386316746657495769e-03
4.719801754476263614e-03
4.705719103943023160e-03
5.764758092362934176e-03
3.590729022662706316e-03
4.642034999561177495e-03
4.582474487866621676e-03
3.431930916939576488e-03
3.937537246233626873e-03
1.277630208294970116e-03
1.316795157148280878e-03
3.482721907916678291e-03
3.500140567378033554e-03
3.508910088095487569e-03
2.979009044240542563e-03
5.623752034256416371e-03
1.849428259691143772e-03
1.889005363775940385e-03
4.083217797584371041e-03
3.564697951161245604e-03
3.596968481563119109e-03
5.796208393046702566e-03
3.203988670203630502e-03
3.836287844986018079e-03
3.872447325245375986e-03
3.311585670090605969e-03
3.849244209936188588e-03
5.966350969497856600e-03
3.328333047021472379e-03
3.887358366986454292e-03
1.873057812838848550e-03
1.425061399193312556e-03
2.656928094186333886e-03
6.274961380748753830e-04
7.769207728403543841e-04
3.105222402207101755e-03
3.278127642932669381e-03
1.344784986185515539e-03
5.254820052393418053e-03
5.307588164258191486e-03
3.204841545880665263e-03
5.360127754410457836e-03
4.943606125917887791e-03
5.543377683371830851e-03
6.795619537481765830e-03
8.475915205076138895e-03
7.051873992099375911e-03
1.350811022129426442e-02
1.466541762683702850e-02
1.149063892838562452e-02
1.203010115746206560e-02
