8.992859838924036620e-01
9.966951608966165832e-01
9.984245963776984256e-01
9.990062092666849303e-01
9.992995829088245907e-01
9.994767195464218101e-01
9.995943827718788421e-01
9.996786724279336234e-01
9.997412835260859332e-01
9.997897750371833592e-01
9.998275698914210752e-01
9.998585188852685546e-01
9.998841908617319696e-01
9.999045858208112092e-01
9.999222709601526260e-01
9.999369610355732796e-01
9.999493691575306320e-01
9.999596379481159314e-01
9.999683378956951696e-01
9.999757542444512870e-01
9.999818869943841726e-01
9.999873066338598182e-01
9.999914426745122320e-01
9.999947229826158246e-01
9.999970049360792368e-01
9.999990016453597086e-01
9.999995721337255894e-01
1.000000000000000000e+00
9.999995721337255894e-01
9.999985737790854090e-01
9.999965770698049372e-01
9.999935820058841740e-01
9.999904443198719406e-01
9.999860230350365864e-01
9.999807460176525220e-01
9.999744706456280552e-01
9.999671969189635190e-01
9.999582117272013404e-01
9.999483708028903406e-01
9.999361053030245694e-01
9.999222709601526260e-01
9.999061546638172704e-01
9.998871859256526218e-01
9.998652221235673210e-01
9.998396927691954872e-01
9.998097421299881882e-01
9.997746570954882950e-01
9.997328688226895244e-01
9.996833789569519180e-01
9.996246186552690816e-01
9.995530223653545931e-01
9.994658802674706299e-01
9.993587710767818377e-01
9.992242784445320991e-01
9.990554138882397073e-01
9.988404823964048829e-01
9.985727807307285264e-01
9.982467466296438552e-01
9.978451228200837519e-01
9.973552159359079239e-01
9.967563457738543020e-01
9.960399550084350073e-01
9.952043321745526194e-01
9.942908376787312763e-01
9.932926256605809634e-01
9.922653187357720617e-01
9.911745449802621399e-01
9.899696735515817192e-01
9.887205892745477565e-01
9.875626405139587005e-01
9.864277965321865960e-01
9.852089481385427616e-01
9.836429575742777764e-01
9.795133349159631519e-01
9.434037033109646808e-01
8.688614114752165607e-01
7.459205981456418222e-01
6.062462200688821801e-01
5.118359577818641926e-01
4.299608937356312888e-01
3.194187893053113125e-01
1.795998637388538099e-01
5.737857886071048852e-02
3.693947824417657955e-02
3.599218231267854035e-02
3.172421622564468996e-02
3.201231285040019581e-02
2.989195021661799831e-02
2.251425204732229388e-02
2.125489897970295194e-02
1.834961566555347659e-02
1.647798595928296264e-02
1.406489148277271367e-02
1.239507203592251153e-02
9.081818229142784790e-03
7.642690015234179096e-03
5.405733821680882428e-03
2.682079741009691515e-03
1.465584611875014875e-03
0.000000000000000000e+00
