9.075590644571587262e-01
9.960733706512238106e-01
9.935627928083560212e-01
9.970039114168508521e-01
1.000000000000000000e+00
9.951495336982614237e-01
9.929671848370070775e-01
9.556377775313983358e-01
4.590587847018994805e-01
2.177364834377151226e-01
1.712486366765590962e-01
2.302723552814441021e-01
2.759425947364756992e-01
2.677474415930321539e-01
2.319900783572564906e-01
1.855940222618148172e-01
1.480506086288382595e-01
1.266551326710310121e-01
1.154651801391814586e-01
1.096601940495927491e-01
1.068930664528322388e-01
1.030504926013113692e-01
9.802082823027080671e-02
9.258919293830687736e-02
8.703508414574089025e-02
8.137190947790191864e-02
7.567676278043208860e-02
7.004607582012123412e-02
6.568756623237993753e-02
6.173850489507243938e-02
5.816073164380065191e-02
5.553489979089261397e-02
5.240164088706911888e-02
4.957804656055734421e-02
4.774842138103697897e-02
4.554982866601862967e-02
4.374211979713231446e-02
4.215589458512424004e-02
4.049618527275493374e-02
3.935808415347605282e-02
3.819574617302540220e-02
3.668274722242992336e-02
3.547116200278981751e-02
3.462699728495587104e-02
3.357192030713775782e-02
3.246475986169519018e-02
3.161621188173443370e-02
3.032856417224672960e-02
2.899347409621002430e-02
2.813744878673882580e-02
2.720304043688231629e-02
2.620700857830182001e-02
2.500161149342897474e-02
2.409917517320331326e-02
2.318848800662130435e-02
2.225459533466206397e-02
2.165640897382676774e-02
2.082101078024644128e-02
1.976180837925015435e-02
1.886452883799721175e-02
1.825035646234648978e-02
1.764082518777121411e-02
1.686034669025033433e-02
1.600896248185458559e-02
1.524472783809776785e-02
1.442041671930878455e-02
1.394393034222963720e-02
1.344681684925961608e-02
1.245929367598410699e-02
1.140627940975507890e-02
1.068561954831773013e-02
9.985844641719889697e-03
9.153024837625922672e-03
8.070359092303764498e-03
6.918850347695822481e-03
6.422510371571708496e-03
5.297816877621899963e-03
4.571484559314560603e-03
3.358352305982637009e-03
3.415076874682535998e-03
2.895531393181190963e-03
2.482473397466474462e-03
1.928635335796554783e-03
1.895374111422523352e-03
1.749437266494602164e-03
1.193794332184231052e-03
9.658647015900927515e-04
6.002490724243823199e-04
3.537550375284589954e-04
4.089325725365422449e-04
0.000000000000000000e+00
5.497126384917453128e-04
4.073855388447268308e-04
6.868829591660457297e-04
1.071578670530813062e-03
7.219490561805284867e-04
9.772096153300726361e-04
5.234130657308832179e-04
5.363050131626783540e-05
6.482071168706602131e-04
