0.000000000000000000e+00
9.936169442200988300e-01
9.978969275183273702e-01
9.988639797589280445e-01
9.998045455841322315e-01
1.000000000000000000e+00
9.979956341274737186e-01
9.966248130913919479e-01
9.964859936151982955e-01
9.907297546112391329e-01
9.823150800555099371e-01
9.757823036380943726e-01
9.696584059355289886e-01
9.638201527256958778e-01
9.592640634508907693e-01
9.542344549812165067e-01
9.462284036443689983e-01
9.371944068611057777e-01
9.286690173857128361e-01
9.204546516692519997e-01
9.116642277092489310e-01
9.036679703845255096e-01
8.971857821688640211e-01
8.915974891815022785e-01
8.869321327975213665e-01
8.821594681067895793e-01
8.770554251449721450e-01
8.717888015818947567e-01
8.665279692607690265e-01
8.611385373021878120e-01
8.558002045372975486e-01
8.500094735775970411e-01
8.442264074969501042e-01
8.383102280167382681e-01
8.322496933143497255e-01
8.257491093889595124e-01
8.194149385043559830e-01
8.131180700311468890e-01
8.063967375890118694e-01
7.999708436517332100e-01
7.939032402275506550e-01
7.871519295917837056e-01
7.804163745407379782e-01
7.743555843423809426e-01
7.678439289250243993e-01
7.612522181042186142e-01
7.551104356838614917e-01
7.485195765162839798e-01
7.420524625627612503e-01
7.360397056064736931e-01
7.298744175570186510e-01
7.234748397044907797e-01
7.173667827519696338e-01
7.118354653655732944e-01
7.058199831189555518e-01
7.000465407197871137e-01
6.945541438859186290e-01
6.889681503622731018e-01
6.835707980286697127e-01
6.781874128080086495e-01
6.729509377692088901e-01
6.675596321735257632e-01
6.623705942195357022e-01
6.571738913864920706e-01
6.522139481508830716e-01
6.471661994674484664e-01
6.425011837447588414e-01
6.373945006579340156e-01
6.325763576848173475e-01
6.275091913077801564e-01
6.229679207991454248e-01
6.180570327894796545e-01
6.131875351267035423e-01
6.081278632980744447e-01
6.042731956219998812e-01
6.005651826318184616e-01
5.963602299829926512e-01
5.933058608454407912e-01
5.894378222136839041e-01
5.907097663099737384e-01
5.896565267626810991e-01
5.892429639550759157e-01
5.877742879630760697e-01
5.851943748389444311e-01
5.827841962031893308e-01
5.817446682728704133e-01
5.810555956459484417e-01
5.787753792928139740e-01
5.760516219384423930e-01
5.753638267913626647e-01
5.736525147946537340e-01
5.745587589947621643e-01
5.728569855142089384e-01
5.724325215452830129e-01
5.707290447582734627e-01
5.709686148113610749e-01
5.710880165939521413e-01
5.697193246909408870e-01
5.682046594246192850e-01
5.667988354408592944e-01
