1.000000000000000000e+00
9.895313734889806812e-01
9.690540663099387331e-01
9.374214529106150717e-01
8.967130067501910551e-01
8.483215215785859797e-01
7.953953590816630337e-01
7.412124431545806802e-01
6.880206781286034579e-01
6.364549188292758508e-01
5.861264786287135875e-01
5.366207584571731637e-01
4.878211523262894755e-01
4.399479159918635029e-01
3.936035137271160500e-01
3.496171436715339031e-01
3.087791353018151663e-01
2.716466061179275138e-01
2.384398118756720919e-01
2.090162341448246475e-01
1.830584455126128829e-01
1.600870658046461004e-01
1.396939740616456871e-01
1.215746990917689063e-01
1.054571602554966736e-01
9.115997045981627522e-02
7.857947993729189062e-02
6.759908269955819393e-02
5.815399764196779037e-02
5.008875011336693522e-02
4.322843113120764663e-02
3.734630682922405326e-02
3.234520555044504558e-02
2.806317453325214012e-02
2.441599834160372226e-02
2.135833020224661011e-02
1.880595467913918906e-02
1.667465633623984450e-02
1.491908840029540148e-02
1.347446976665846174e-02
1.228249744114636582e-02
1.131725898190015858e-02
1.052045139473718229e-02
9.866162237798478327e-03
9.354391511084046706e-03
8.959226772734928818e-03
8.648277470427425534e-03
8.395631162302579983e-03
8.175375406501431824e-03
7.961597761165024184e-03
7.747820115828614809e-03
7.501651918168508910e-03
7.223093168184703886e-03
6.918621976341940254e-03
6.581760232175479230e-03
6.231942267079538036e-03
5.869168081054118406e-03
5.512872005493437561e-03
5.169532150862236886e-03
4.832670406695774995e-03
4.508764883458792408e-03
4.204293691616029643e-03
3.919256831167484967e-03
3.660132412577899331e-03
3.433398546312011520e-03
3.226099011440343098e-03
3.038233807962893197e-03
2.856846714950183382e-03
2.688415842866952437e-03
2.519984970783721925e-03
2.358032209165230632e-03
2.196079447546739772e-03
2.040604796392988130e-03
1.891608255703976357e-03
1.749089825479704019e-03
1.613049505720171549e-03
1.483487296425378731e-03
1.366881308060065000e-03
1.263231540624230789e-03
1.166059883653136012e-03
1.075366337146781105e-03
9.911509011051656323e-04
9.069354650635502680e-04
8.291981394866745556e-04
7.514608139097988431e-04
6.802015987976626739e-04
6.154204941502662649e-04
5.506393895028698559e-04
4.923363953202129903e-04
4.405115116022958305e-04
3.886866278843786708e-04
3.368617441664615111e-04
2.850368604485443514e-04
2.396900871953668434e-04
1.943433139421893354e-04
1.554746511537514792e-04
1.166059883653136094e-04
7.773732557687573958e-05
3.886866278843786979e-05
0.000000000000000000e+00
