1.000000000000000000e+00
9.908149834422846913e-01
9.703364192274558375e-01
9.386911431436816278e-01
8.979852568738272423e-01
8.495878378600130176e-01
7.966605186559142515e-01
7.424777478454646085e-01
6.892817756630746917e-01
6.377127533652302560e-01
5.873813163396490733e-01
5.378726417132954074e-01
4.890663215292449517e-01
4.411939095508137787e-01
3.948444633680245897e-01
3.508506401911931638e-01
3.100025571348827835e-01
2.728614600310960703e-01
2.396405554870393029e-01
2.102088068484556094e-01
1.842347126374697386e-01
1.612421072135837852e-01
1.408204191826950835e-01
1.226707796983814575e-01
1.065167287510968286e-01
9.216899328244976264e-02
7.953281339443621367e-02
6.847798121812700978e-02
5.894841772188186280e-02
5.077833420712982160e-02
4.379648211470586749e-02
3.776273196746400551e-02
3.256495733515149538e-02
2.803832167333339398e-02
2.409789979234103555e-02
2.069094994496446446e-02
1.774315982235366226e-02
1.519731318551983956e-02
1.302832662508847904e-02
1.119098072785461653e-02
9.660550328483291302e-03
8.405296428556035745e-03
7.398025695745710090e-03
6.612292128006368175e-03
6.018132130603440211e-03
5.589255494152772959e-03
5.289821207359123034e-03
5.090675480998969188e-03
4.955877659739573761e-03
4.850827537800183123e-03
4.747803511289807460e-03
4.622367484600547680e-03
4.461358536526439933e-03
4.260047529415058112e-03
4.021830268798094569e-03
3.760176888728017450e-03
3.492619994849352396e-03
3.235769299221277848e-03
3.002361840477567149e-03
2.802062299429304397e-03
2.638707366932801970e-03
2.511823338397122223e-03
2.415652211941444333e-03
2.339697358124189983e-03
2.273417861264894705e-03
2.205126108426235833e-03
2.124976319713113831e-03
2.026841573058276759e-03
1.908866591382696667e-03
1.774857618753450730e-03
1.632090646971732584e-03
1.492150086221748304e-03
1.371449128377621529e-03
1.275814577155584290e-03
1.199122673791162570e-03
1.136547009071522084e-03
1.084334324251108768e-03
1.038053227551434012e-03
9.936693216925900768e-04
9.523467020967122222e-04
9.110054980970163198e-04
8.610011940281746224e-04
7.988418990366280255e-04
7.250511397320595760e-04
6.431785372437185885e-04
5.578290695900118418e-04
4.734669478157453463e-04
3.942068380088068510e-04
3.231325649644525627e-04
2.623975470484941658e-04
2.125434998615857317e-04
1.731194550515039181e-04
1.427817997634877494e-04
1.196993771021876861e-04
1.016622246646434462e-04
8.585658463023145947e-05
6.928680926861948406e-05
5.010968159261855849e-05
2.734556627330864983e-05
0.000000000000000000e+00
