1.000000000000000000e+00
9.694130289348085660e-04
7.660908493480577926e-04
6.477701403326894657e-04
6.287115214253335797e-04
6.071286902923045100e-04
5.762919265605549951e-04
5.323011922897477079e-04
4.743619624958372838e-04
4.054533278118071138e-04
3.304951732454484092e-04
2.549185171212774137e-04
1.830398651767499787e-04
1.187395963784832620e-04
6.567065048943914157e-05
2.691978882943789759e-05
4.857883629135141052e-06
0.000000000000000000e+00
9.928084174448395790e-06
3.206681059513468986e-05
6.180297424430278752e-05
9.545490301278432386e-05
1.300531845315811333e-04
1.633104215969110619e-04
1.949166073154940933e-04
2.237345456690542763e-04
2.496683613549869848e-04
2.736353723316514502e-04
2.960741249358828857e-04
3.157391475710695072e-04
3.319429810485034489e-04
3.442788358350515072e-04
3.527509461712072291e-04
3.573850199456817108e-04
3.583843007021667287e-04
3.560170578205056296e-04
5.425061353033264200e-03
5.417768176228820488e-03
5.408875968746552215e-03
5.399028032695731699e-03
5.388763326402043821e-03
1.552695837773139867e-02
1.551716064767500250e-02
5.359586082498028758e-03
5.351191398273755055e-03
5.343710705104596885e-03
5.337148237231045464e-03
5.331509741122343951e-03
5.326771626010026912e-03
5.322923003847112103e-03
5.319936654516139139e-03
5.317889399237493014e-03
2.426625080126082869e-04
2.426900305758165595e-04
2.438408366528218619e-04
2.461291411938526584e-04
2.494711667262859592e-04
2.537589401175353930e-04
2.589008203054899890e-04
2.647543553421156698e-04
2.711320288626966756e-04
2.778266655287972261e-04
2.845914696087913066e-04
2.911279271478816547e-04
2.971550660447441197e-04
3.024545204682098322e-04
3.068136710563510762e-04
3.100592163946806106e-04
3.121442773920195496e-04
3.130836738900953349e-04
3.129378950388163392e-04
3.118811495899184326e-04
3.101935023074770285e-04
3.080854554331729882e-04
3.055990489261925101e-04
3.028349972211330163e-04
2.999351473745293355e-04
2.970244094809422171e-04
2.942180153709468733e-04
2.916726319428058459e-04
2.894121524107328650e-04
2.873382819061270151e-04
2.853962777483211853e-04
2.835189969809172750e-04
2.816368770815206777e-04
2.796749115042451218e-04
2.775747282194291439e-04
2.753206000480965649e-04
2.729303712894703103e-04
2.704327742897567975e-04
2.678867859701166841e-04
2.653707397796811599e-04
2.629517786748484880e-04
2.606773866382965858e-04
2.585738764502356355e-04
2.566539508321463866e-04
2.549094437487911795e-04
2.533085983964681676e-04
2.518063503584956685e-04
2.503543083149470275e-04
