0.000000000000000000e+00
4.176563446842412831e-07
5.728601327490795382e-04
2.440235027810953861e-03
2.282727799544059886e-03
2.310546042803710790e-03
2.367372339164740963e-03
2.479095627173672108e-03
2.575404331620026466e-03
2.626529323941391783e-03
2.674721658002322030e-03
2.773523352163002713e-03
2.993116210354921508e-03
3.377421624080174500e-03
3.970958911044269665e-03
4.833092532690194676e-03
6.027304239221588540e-03
7.619583445357364787e-03
9.666778603530577080e-03
1.224524471727233936e-02
1.549076628106684124e-02
1.956764236635006454e-02
2.471379005384132660e-02
3.120806048667454716e-02
3.940120787974420169e-02
4.969117830587033852e-02
6.235572258585682370e-02
7.751812746311997904e-02
9.584968163617481329e-02
1.178755841458909298e-01
1.445314128275157484e-01
1.779662399112763860e-01
2.200528047952055311e-01
2.726123573169202396e-01
3.365964230796651413e-01
4.114434233477919367e-01
4.954484938422766827e-01
5.858127460333202308e-01
6.760248867189873057e-01
7.611137793124337358e-01
8.353864021165544607e-01
8.960883951269739134e-01
9.421629332746193075e-01
9.742930082678926684e-01
9.929857075658793386e-01
1.000000000000000000e+00
9.970043977776547051e-01
9.850786347709054036e-01
9.665405514776572726e-01
9.435785647081903482e-01
9.181327038654580885e-01
8.924067074028969593e-01
8.678766830474988758e-01
8.450518544489814543e-01
8.238514883337891836e-01
8.037877229585282945e-01
7.836838119317273144e-01
7.618758100742347716e-01
7.369676799769009357e-01
7.072654961299748022e-01
6.724545018930331297e-01
6.335745801335816996e-01
5.929566094785581054e-01
5.536040002953775963e-01
5.179777546851896952e-01
4.878664166704119731e-01
4.641491760197710148e-01
4.467915222052915025e-01
4.351772010603975893e-01
4.279923816844142803e-01
4.234998254609747548e-01
4.193462605923741204e-01
4.121577212982205918e-01
4.007065977514678301e-01
3.863280827591148436e-01
3.703940526776413611e-01
3.541353952817882789e-01
3.386721742495222287e-01
3.249448290913230508e-01
3.128222418994086595e-01
3.026367560560463410e-01
2.953000277444879917e-01
2.911358187535982855e-01
2.899052072104046363e-01
2.910263021528145533e-01
2.937774394558048674e-01
2.973837159674706521e-01
3.009228313822711054e-01
3.037130278260487537e-01
3.051370566986574828e-01
3.046874622322821580e-01
3.023318516741435036e-01
2.983509315226014480e-01
2.932589528415345259e-01
2.875714373599387308e-01
2.819064439571656311e-01
2.768438931436036921e-01
2.727014327832042451e-01
2.696173812194155306e-01
2.676971115798118528e-01
