5.642333848445275218e-03
2.274774456279558821e-02
1.000000000000000000e+00
1.272858160928687921e-01
3.869719540786309420e-02
1.888637818863226139e-02
1.434426162117863161e-02
1.092505400782632467e-02
8.228691285706909303e-03
6.207652487221135100e-03
4.582731373671673943e-03
2.691429749704268241e-03
1.345386010024457674e-03
7.708591560736565351e-04
5.317744263528594246e-04
4.068057918357991247e-04
3.178478559493127381e-04
2.540480793800766672e-04
2.075137062638554943e-04
1.723251697024726970e-04
1.461804159021929609e-04
1.269418234831191949e-04
1.111563117546484275e-04
9.931717795829534171e-05
9.109555726638346419e-05
8.550485519588340157e-05
8.336723381598631043e-05
8.188734209144217979e-05
8.073631519457452263e-05
7.942085588386861518e-05
7.826982898700095802e-05
7.728323450397153759e-05
7.547447795175091993e-05
7.399458622720678929e-05
7.235026208882442192e-05
7.070593795044204100e-05
6.873274898438320015e-05
6.643069519064787227e-05
6.527966829378021511e-05
6.281318208620665050e-05
6.133329036166251986e-05
5.968896622328014571e-05
5.755134484338306135e-05
5.623588553267716068e-05
5.426269656661831305e-05
5.245394001439770217e-05
5.064518346217709128e-05
4.900085932379471713e-05
4.752096759925057972e-05
4.571221104702997561e-05
4.406788690864760146e-05
4.258799518410346405e-05
4.077923863188285316e-05
3.946377932117695248e-05
3.831275242430929532e-05
3.683286069976515791e-05
3.551740138905925724e-05
3.420194207835336334e-05
3.288648276764746266e-05
3.189988828461803546e-05
3.091329380158861504e-05
2.976226690472095449e-05
2.877567242169153068e-05
2.828237518017681708e-05
2.746021311098563000e-05
2.614475380027973271e-05
2.565145655876501911e-05
2.482929448957383543e-05
2.384270000654441162e-05
2.351383517886793475e-05
2.269167310967674768e-05
2.219837586816203747e-05
2.154064621280908713e-05
2.104734897129437692e-05
1.989632207442671298e-05
1.956745724675023950e-05
1.841643034988257896e-05
1.808756552220610548e-05
1.710097103917668167e-05
1.644324138382373133e-05
1.594994414230901773e-05
1.512778207311783235e-05
1.397675517625017180e-05
1.299016069322074799e-05
1.233243103786779765e-05
1.151026896867661227e-05
1.068810689948542520e-05
9.865944830294238121e-06
9.043782761103052740e-06
8.221620691911865665e-06
7.563891036558916175e-06
6.906161381205966685e-06
5.919566898176542873e-06
4.932972415147119060e-06
4.110810345955932833e-06
3.124215862926509021e-06
2.630918621411797115e-06
1.973188966058847624e-06
9.865944830294238121e-07
0.000000000000000000e+00
